{
 "cells": [
  {
   "cell_type": "code",
   "execution_count": 13,
   "metadata": {},
   "outputs": [],
   "source": [
    "import pandas as pd\n",
    "import numpy as np"
   ]
  },
  {
   "cell_type": "code",
   "execution_count": 14,
   "metadata": {},
   "outputs": [],
   "source": [
    "df = pd.read_csv(\"./train.csv\")\n",
    "testdf = pd.read_csv(\"./testdata.csv\",header=None)"
   ]
  },
  {
   "cell_type": "code",
   "execution_count": 15,
   "metadata": {},
   "outputs": [
    {
     "data": {
      "text/html": [
       "<div>\n",
       "<style scoped>\n",
       "    .dataframe tbody tr th:only-of-type {\n",
       "        vertical-align: middle;\n",
       "    }\n",
       "\n",
       "    .dataframe tbody tr th {\n",
       "        vertical-align: top;\n",
       "    }\n",
       "\n",
       "    .dataframe thead th {\n",
       "        text-align: right;\n",
       "    }\n",
       "</style>\n",
       "<table border=\"1\" class=\"dataframe\">\n",
       "  <thead>\n",
       "    <tr style=\"text-align: right;\">\n",
       "      <th></th>\n",
       "      <th>Date</th>\n",
       "      <th>stations</th>\n",
       "      <th>observation</th>\n",
       "      <th>0</th>\n",
       "      <th>1</th>\n",
       "      <th>2</th>\n",
       "      <th>3</th>\n",
       "      <th>4</th>\n",
       "      <th>5</th>\n",
       "      <th>6</th>\n",
       "      <th>...</th>\n",
       "      <th>14</th>\n",
       "      <th>15</th>\n",
       "      <th>16</th>\n",
       "      <th>17</th>\n",
       "      <th>18</th>\n",
       "      <th>19</th>\n",
       "      <th>20</th>\n",
       "      <th>21</th>\n",
       "      <th>22</th>\n",
       "      <th>23</th>\n",
       "    </tr>\n",
       "  </thead>\n",
       "  <tbody>\n",
       "    <tr>\n",
       "      <th>0</th>\n",
       "      <td>2014/1/1</td>\n",
       "      <td>station</td>\n",
       "      <td>AMB_TEMP</td>\n",
       "      <td>13</td>\n",
       "      <td>14</td>\n",
       "      <td>14</td>\n",
       "      <td>13</td>\n",
       "      <td>12</td>\n",
       "      <td>12</td>\n",
       "      <td>12</td>\n",
       "      <td>...</td>\n",
       "      <td>22</td>\n",
       "      <td>22</td>\n",
       "      <td>21</td>\n",
       "      <td>19</td>\n",
       "      <td>17</td>\n",
       "      <td>16</td>\n",
       "      <td>15</td>\n",
       "      <td>15</td>\n",
       "      <td>15</td>\n",
       "      <td>15</td>\n",
       "    </tr>\n",
       "    <tr>\n",
       "      <th>1</th>\n",
       "      <td>2014/1/1</td>\n",
       "      <td>station</td>\n",
       "      <td>CH4</td>\n",
       "      <td>1.8</td>\n",
       "      <td>1.8</td>\n",
       "      <td>1.8</td>\n",
       "      <td>1.8</td>\n",
       "      <td>1.8</td>\n",
       "      <td>1.8</td>\n",
       "      <td>1.8</td>\n",
       "      <td>...</td>\n",
       "      <td>1.8</td>\n",
       "      <td>1.8</td>\n",
       "      <td>1.8</td>\n",
       "      <td>1.8</td>\n",
       "      <td>1.8</td>\n",
       "      <td>1.8</td>\n",
       "      <td>1.8</td>\n",
       "      <td>1.8</td>\n",
       "      <td>1.8</td>\n",
       "      <td>1.8</td>\n",
       "    </tr>\n",
       "    <tr>\n",
       "      <th>2</th>\n",
       "      <td>2014/1/1</td>\n",
       "      <td>station</td>\n",
       "      <td>CO</td>\n",
       "      <td>0.51</td>\n",
       "      <td>0.41</td>\n",
       "      <td>0.39</td>\n",
       "      <td>0.37</td>\n",
       "      <td>0.35</td>\n",
       "      <td>0.3</td>\n",
       "      <td>0.37</td>\n",
       "      <td>...</td>\n",
       "      <td>0.37</td>\n",
       "      <td>0.37</td>\n",
       "      <td>0.47</td>\n",
       "      <td>0.69</td>\n",
       "      <td>0.56</td>\n",
       "      <td>0.45</td>\n",
       "      <td>0.38</td>\n",
       "      <td>0.35</td>\n",
       "      <td>0.36</td>\n",
       "      <td>0.32</td>\n",
       "    </tr>\n",
       "    <tr>\n",
       "      <th>3</th>\n",
       "      <td>2014/1/1</td>\n",
       "      <td>station</td>\n",
       "      <td>NMHC</td>\n",
       "      <td>0.2</td>\n",
       "      <td>0.15</td>\n",
       "      <td>0.13</td>\n",
       "      <td>0.12</td>\n",
       "      <td>0.11</td>\n",
       "      <td>0.06</td>\n",
       "      <td>0.1</td>\n",
       "      <td>...</td>\n",
       "      <td>0.1</td>\n",
       "      <td>0.13</td>\n",
       "      <td>0.14</td>\n",
       "      <td>0.23</td>\n",
       "      <td>0.18</td>\n",
       "      <td>0.12</td>\n",
       "      <td>0.1</td>\n",
       "      <td>0.09</td>\n",
       "      <td>0.1</td>\n",
       "      <td>0.08</td>\n",
       "    </tr>\n",
       "    <tr>\n",
       "      <th>4</th>\n",
       "      <td>2014/1/1</td>\n",
       "      <td>station</td>\n",
       "      <td>NO</td>\n",
       "      <td>0.9</td>\n",
       "      <td>0.6</td>\n",
       "      <td>0.5</td>\n",
       "      <td>1.7</td>\n",
       "      <td>1.8</td>\n",
       "      <td>1.5</td>\n",
       "      <td>1.9</td>\n",
       "      <td>...</td>\n",
       "      <td>2.5</td>\n",
       "      <td>2.2</td>\n",
       "      <td>2.5</td>\n",
       "      <td>2.3</td>\n",
       "      <td>2.1</td>\n",
       "      <td>1.9</td>\n",
       "      <td>1.5</td>\n",
       "      <td>1.6</td>\n",
       "      <td>1.8</td>\n",
       "      <td>1.5</td>\n",
       "    </tr>\n",
       "    <tr>\n",
       "      <th>5</th>\n",
       "      <td>2014/1/1</td>\n",
       "      <td>station</td>\n",
       "      <td>NO2</td>\n",
       "      <td>16</td>\n",
       "      <td>9.2</td>\n",
       "      <td>8.2</td>\n",
       "      <td>6.9</td>\n",
       "      <td>6.8</td>\n",
       "      <td>3.8</td>\n",
       "      <td>6.9</td>\n",
       "      <td>...</td>\n",
       "      <td>11</td>\n",
       "      <td>11</td>\n",
       "      <td>22</td>\n",
       "      <td>28</td>\n",
       "      <td>19</td>\n",
       "      <td>12</td>\n",
       "      <td>8.1</td>\n",
       "      <td>7</td>\n",
       "      <td>6.9</td>\n",
       "      <td>6</td>\n",
       "    </tr>\n",
       "    <tr>\n",
       "      <th>6</th>\n",
       "      <td>2014/1/1</td>\n",
       "      <td>station</td>\n",
       "      <td>NOx</td>\n",
       "      <td>17</td>\n",
       "      <td>9.8</td>\n",
       "      <td>8.7</td>\n",
       "      <td>8.6</td>\n",
       "      <td>8.5</td>\n",
       "      <td>5.3</td>\n",
       "      <td>8.8</td>\n",
       "      <td>...</td>\n",
       "      <td>14</td>\n",
       "      <td>13</td>\n",
       "      <td>25</td>\n",
       "      <td>30</td>\n",
       "      <td>21</td>\n",
       "      <td>13</td>\n",
       "      <td>9.7</td>\n",
       "      <td>8.6</td>\n",
       "      <td>8.7</td>\n",
       "      <td>7.5</td>\n",
       "    </tr>\n",
       "    <tr>\n",
       "      <th>7</th>\n",
       "      <td>2014/1/1</td>\n",
       "      <td>station</td>\n",
       "      <td>O3</td>\n",
       "      <td>16</td>\n",
       "      <td>30</td>\n",
       "      <td>27</td>\n",
       "      <td>23</td>\n",
       "      <td>24</td>\n",
       "      <td>28</td>\n",
       "      <td>24</td>\n",
       "      <td>...</td>\n",
       "      <td>65</td>\n",
       "      <td>64</td>\n",
       "      <td>51</td>\n",
       "      <td>34</td>\n",
       "      <td>33</td>\n",
       "      <td>34</td>\n",
       "      <td>37</td>\n",
       "      <td>38</td>\n",
       "      <td>38</td>\n",
       "      <td>36</td>\n",
       "    </tr>\n",
       "    <tr>\n",
       "      <th>8</th>\n",
       "      <td>2014/1/1</td>\n",
       "      <td>station</td>\n",
       "      <td>PM10</td>\n",
       "      <td>56</td>\n",
       "      <td>50</td>\n",
       "      <td>48</td>\n",
       "      <td>35</td>\n",
       "      <td>25</td>\n",
       "      <td>12</td>\n",
       "      <td>4</td>\n",
       "      <td>...</td>\n",
       "      <td>52</td>\n",
       "      <td>51</td>\n",
       "      <td>66</td>\n",
       "      <td>85</td>\n",
       "      <td>85</td>\n",
       "      <td>63</td>\n",
       "      <td>46</td>\n",
       "      <td>36</td>\n",
       "      <td>42</td>\n",
       "      <td>42</td>\n",
       "    </tr>\n",
       "    <tr>\n",
       "      <th>9</th>\n",
       "      <td>2014/1/1</td>\n",
       "      <td>station</td>\n",
       "      <td>PM2.5</td>\n",
       "      <td>26</td>\n",
       "      <td>39</td>\n",
       "      <td>36</td>\n",
       "      <td>35</td>\n",
       "      <td>31</td>\n",
       "      <td>28</td>\n",
       "      <td>25</td>\n",
       "      <td>...</td>\n",
       "      <td>36</td>\n",
       "      <td>45</td>\n",
       "      <td>42</td>\n",
       "      <td>49</td>\n",
       "      <td>45</td>\n",
       "      <td>44</td>\n",
       "      <td>41</td>\n",
       "      <td>30</td>\n",
       "      <td>24</td>\n",
       "      <td>13</td>\n",
       "    </tr>\n",
       "    <tr>\n",
       "      <th>10</th>\n",
       "      <td>2014/1/1</td>\n",
       "      <td>station</td>\n",
       "      <td>RAINFALL</td>\n",
       "      <td>NR</td>\n",
       "      <td>NR</td>\n",
       "      <td>NR</td>\n",
       "      <td>NR</td>\n",
       "      <td>NR</td>\n",
       "      <td>NR</td>\n",
       "      <td>NR</td>\n",
       "      <td>...</td>\n",
       "      <td>NR</td>\n",
       "      <td>NR</td>\n",
       "      <td>NR</td>\n",
       "      <td>NR</td>\n",
       "      <td>NR</td>\n",
       "      <td>NR</td>\n",
       "      <td>NR</td>\n",
       "      <td>NR</td>\n",
       "      <td>NR</td>\n",
       "      <td>NR</td>\n",
       "    </tr>\n",
       "    <tr>\n",
       "      <th>11</th>\n",
       "      <td>2014/1/1</td>\n",
       "      <td>station</td>\n",
       "      <td>RH</td>\n",
       "      <td>77</td>\n",
       "      <td>68</td>\n",
       "      <td>67</td>\n",
       "      <td>74</td>\n",
       "      <td>72</td>\n",
       "      <td>73</td>\n",
       "      <td>74</td>\n",
       "      <td>...</td>\n",
       "      <td>47</td>\n",
       "      <td>49</td>\n",
       "      <td>56</td>\n",
       "      <td>67</td>\n",
       "      <td>72</td>\n",
       "      <td>69</td>\n",
       "      <td>70</td>\n",
       "      <td>70</td>\n",
       "      <td>70</td>\n",
       "      <td>69</td>\n",
       "    </tr>\n",
       "    <tr>\n",
       "      <th>12</th>\n",
       "      <td>2014/1/1</td>\n",
       "      <td>station</td>\n",
       "      <td>SO2</td>\n",
       "      <td>1.8</td>\n",
       "      <td>2</td>\n",
       "      <td>1.7</td>\n",
       "      <td>1.6</td>\n",
       "      <td>1.9</td>\n",
       "      <td>1.4</td>\n",
       "      <td>1.5</td>\n",
       "      <td>...</td>\n",
       "      <td>3.9</td>\n",
       "      <td>4.4</td>\n",
       "      <td>9.9</td>\n",
       "      <td>5.1</td>\n",
       "      <td>3.4</td>\n",
       "      <td>2.3</td>\n",
       "      <td>2</td>\n",
       "      <td>1.9</td>\n",
       "      <td>1.9</td>\n",
       "      <td>1.9</td>\n",
       "    </tr>\n",
       "    <tr>\n",
       "      <th>13</th>\n",
       "      <td>2014/1/1</td>\n",
       "      <td>station</td>\n",
       "      <td>THC</td>\n",
       "      <td>2</td>\n",
       "      <td>2</td>\n",
       "      <td>2</td>\n",
       "      <td>1.9</td>\n",
       "      <td>1.9</td>\n",
       "      <td>1.8</td>\n",
       "      <td>1.9</td>\n",
       "      <td>...</td>\n",
       "      <td>1.9</td>\n",
       "      <td>1.9</td>\n",
       "      <td>1.9</td>\n",
       "      <td>2.1</td>\n",
       "      <td>2</td>\n",
       "      <td>1.9</td>\n",
       "      <td>1.9</td>\n",
       "      <td>1.9</td>\n",
       "      <td>1.9</td>\n",
       "      <td>1.9</td>\n",
       "    </tr>\n",
       "    <tr>\n",
       "      <th>14</th>\n",
       "      <td>2014/1/1</td>\n",
       "      <td>station</td>\n",
       "      <td>WD_HR</td>\n",
       "      <td>37</td>\n",
       "      <td>80</td>\n",
       "      <td>57</td>\n",
       "      <td>76</td>\n",
       "      <td>110</td>\n",
       "      <td>106</td>\n",
       "      <td>101</td>\n",
       "      <td>...</td>\n",
       "      <td>307</td>\n",
       "      <td>304</td>\n",
       "      <td>307</td>\n",
       "      <td>124</td>\n",
       "      <td>118</td>\n",
       "      <td>121</td>\n",
       "      <td>113</td>\n",
       "      <td>112</td>\n",
       "      <td>106</td>\n",
       "      <td>110</td>\n",
       "    </tr>\n",
       "    <tr>\n",
       "      <th>15</th>\n",
       "      <td>2014/1/1</td>\n",
       "      <td>station</td>\n",
       "      <td>WIND_DIREC</td>\n",
       "      <td>35</td>\n",
       "      <td>79</td>\n",
       "      <td>2.4</td>\n",
       "      <td>55</td>\n",
       "      <td>94</td>\n",
       "      <td>116</td>\n",
       "      <td>106</td>\n",
       "      <td>...</td>\n",
       "      <td>313</td>\n",
       "      <td>305</td>\n",
       "      <td>291</td>\n",
       "      <td>124</td>\n",
       "      <td>119</td>\n",
       "      <td>118</td>\n",
       "      <td>114</td>\n",
       "      <td>108</td>\n",
       "      <td>102</td>\n",
       "      <td>111</td>\n",
       "    </tr>\n",
       "    <tr>\n",
       "      <th>16</th>\n",
       "      <td>2014/1/1</td>\n",
       "      <td>station</td>\n",
       "      <td>WIND_SPEED</td>\n",
       "      <td>1.4</td>\n",
       "      <td>1.8</td>\n",
       "      <td>1</td>\n",
       "      <td>0.6</td>\n",
       "      <td>1.7</td>\n",
       "      <td>2.5</td>\n",
       "      <td>2.5</td>\n",
       "      <td>...</td>\n",
       "      <td>2.5</td>\n",
       "      <td>2.2</td>\n",
       "      <td>1.4</td>\n",
       "      <td>2.2</td>\n",
       "      <td>2.8</td>\n",
       "      <td>3</td>\n",
       "      <td>2.6</td>\n",
       "      <td>2.7</td>\n",
       "      <td>2.1</td>\n",
       "      <td>2.1</td>\n",
       "    </tr>\n",
       "    <tr>\n",
       "      <th>17</th>\n",
       "      <td>2014/1/1</td>\n",
       "      <td>station</td>\n",
       "      <td>WS_HR</td>\n",
       "      <td>0.5</td>\n",
       "      <td>0.9</td>\n",
       "      <td>0.6</td>\n",
       "      <td>0.3</td>\n",
       "      <td>0.6</td>\n",
       "      <td>1.9</td>\n",
       "      <td>2</td>\n",
       "      <td>...</td>\n",
       "      <td>2.1</td>\n",
       "      <td>2.1</td>\n",
       "      <td>1.9</td>\n",
       "      <td>1</td>\n",
       "      <td>2.5</td>\n",
       "      <td>2.5</td>\n",
       "      <td>2.8</td>\n",
       "      <td>2.6</td>\n",
       "      <td>2.4</td>\n",
       "      <td>2.3</td>\n",
       "    </tr>\n",
       "    <tr>\n",
       "      <th>18</th>\n",
       "      <td>2014/1/2</td>\n",
       "      <td>station</td>\n",
       "      <td>AMB_TEMP</td>\n",
       "      <td>16</td>\n",
       "      <td>15</td>\n",
       "      <td>15</td>\n",
       "      <td>14</td>\n",
       "      <td>14</td>\n",
       "      <td>15</td>\n",
       "      <td>16</td>\n",
       "      <td>...</td>\n",
       "      <td>24</td>\n",
       "      <td>24</td>\n",
       "      <td>23</td>\n",
       "      <td>21</td>\n",
       "      <td>20</td>\n",
       "      <td>19</td>\n",
       "      <td>18</td>\n",
       "      <td>18</td>\n",
       "      <td>18</td>\n",
       "      <td>18</td>\n",
       "    </tr>\n",
       "  </tbody>\n",
       "</table>\n",
       "<p>19 rows × 27 columns</p>\n",
       "</div>"
      ],
      "text/plain": [
       "        Date stations observation     0     1     2     3     4     5     6  \\\n",
       "0   2014/1/1  station    AMB_TEMP    13    14    14    13    12    12    12   \n",
       "1   2014/1/1  station         CH4   1.8   1.8   1.8   1.8   1.8   1.8   1.8   \n",
       "2   2014/1/1  station          CO  0.51  0.41  0.39  0.37  0.35   0.3  0.37   \n",
       "3   2014/1/1  station        NMHC   0.2  0.15  0.13  0.12  0.11  0.06   0.1   \n",
       "4   2014/1/1  station          NO   0.9   0.6   0.5   1.7   1.8   1.5   1.9   \n",
       "5   2014/1/1  station         NO2    16   9.2   8.2   6.9   6.8   3.8   6.9   \n",
       "6   2014/1/1  station         NOx    17   9.8   8.7   8.6   8.5   5.3   8.8   \n",
       "7   2014/1/1  station          O3    16    30    27    23    24    28    24   \n",
       "8   2014/1/1  station        PM10    56    50    48    35    25    12     4   \n",
       "9   2014/1/1  station       PM2.5    26    39    36    35    31    28    25   \n",
       "10  2014/1/1  station    RAINFALL    NR    NR    NR    NR    NR    NR    NR   \n",
       "11  2014/1/1  station          RH    77    68    67    74    72    73    74   \n",
       "12  2014/1/1  station         SO2   1.8     2   1.7   1.6   1.9   1.4   1.5   \n",
       "13  2014/1/1  station         THC     2     2     2   1.9   1.9   1.8   1.9   \n",
       "14  2014/1/1  station       WD_HR    37    80    57    76   110   106   101   \n",
       "15  2014/1/1  station  WIND_DIREC    35    79   2.4    55    94   116   106   \n",
       "16  2014/1/1  station  WIND_SPEED   1.4   1.8     1   0.6   1.7   2.5   2.5   \n",
       "17  2014/1/1  station       WS_HR   0.5   0.9   0.6   0.3   0.6   1.9     2   \n",
       "18  2014/1/2  station    AMB_TEMP    16    15    15    14    14    15    16   \n",
       "\n",
       "    ...    14    15    16    17    18    19    20    21    22    23  \n",
       "0   ...    22    22    21    19    17    16    15    15    15    15  \n",
       "1   ...   1.8   1.8   1.8   1.8   1.8   1.8   1.8   1.8   1.8   1.8  \n",
       "2   ...  0.37  0.37  0.47  0.69  0.56  0.45  0.38  0.35  0.36  0.32  \n",
       "3   ...   0.1  0.13  0.14  0.23  0.18  0.12   0.1  0.09   0.1  0.08  \n",
       "4   ...   2.5   2.2   2.5   2.3   2.1   1.9   1.5   1.6   1.8   1.5  \n",
       "5   ...    11    11    22    28    19    12   8.1     7   6.9     6  \n",
       "6   ...    14    13    25    30    21    13   9.7   8.6   8.7   7.5  \n",
       "7   ...    65    64    51    34    33    34    37    38    38    36  \n",
       "8   ...    52    51    66    85    85    63    46    36    42    42  \n",
       "9   ...    36    45    42    49    45    44    41    30    24    13  \n",
       "10  ...    NR    NR    NR    NR    NR    NR    NR    NR    NR    NR  \n",
       "11  ...    47    49    56    67    72    69    70    70    70    69  \n",
       "12  ...   3.9   4.4   9.9   5.1   3.4   2.3     2   1.9   1.9   1.9  \n",
       "13  ...   1.9   1.9   1.9   2.1     2   1.9   1.9   1.9   1.9   1.9  \n",
       "14  ...   307   304   307   124   118   121   113   112   106   110  \n",
       "15  ...   313   305   291   124   119   118   114   108   102   111  \n",
       "16  ...   2.5   2.2   1.4   2.2   2.8     3   2.6   2.7   2.1   2.1  \n",
       "17  ...   2.1   2.1   1.9     1   2.5   2.5   2.8   2.6   2.4   2.3  \n",
       "18  ...    24    24    23    21    20    19    18    18    18    18  \n",
       "\n",
       "[19 rows x 27 columns]"
      ]
     },
     "execution_count": 15,
     "metadata": {},
     "output_type": "execute_result"
    }
   ],
   "source": [
    "df.head(19) #总共18个数值"
   ]
  },
  {
   "cell_type": "code",
   "execution_count": 12,
   "metadata": {},
   "outputs": [
    {
     "data": {
      "text/html": [
       "<div>\n",
       "<style scoped>\n",
       "    .dataframe tbody tr th:only-of-type {\n",
       "        vertical-align: middle;\n",
       "    }\n",
       "\n",
       "    .dataframe tbody tr th {\n",
       "        vertical-align: top;\n",
       "    }\n",
       "\n",
       "    .dataframe thead th {\n",
       "        text-align: right;\n",
       "    }\n",
       "</style>\n",
       "<table border=\"1\" class=\"dataframe\">\n",
       "  <thead>\n",
       "    <tr style=\"text-align: right;\">\n",
       "      <th></th>\n",
       "      <th>0</th>\n",
       "      <th>1</th>\n",
       "      <th>2</th>\n",
       "      <th>3</th>\n",
       "      <th>4</th>\n",
       "      <th>5</th>\n",
       "      <th>6</th>\n",
       "      <th>7</th>\n",
       "      <th>8</th>\n",
       "      <th>9</th>\n",
       "      <th>10</th>\n",
       "      <th>11</th>\n",
       "      <th>12</th>\n",
       "      <th>13</th>\n",
       "      <th>14</th>\n",
       "      <th>15</th>\n",
       "      <th>16</th>\n",
       "      <th>17</th>\n",
       "    </tr>\n",
       "  </thead>\n",
       "  <tbody>\n",
       "    <tr>\n",
       "      <th>0</th>\n",
       "      <td>1.000000</td>\n",
       "      <td>-0.409304</td>\n",
       "      <td>-0.002873</td>\n",
       "      <td>0.082405</td>\n",
       "      <td>-0.023643</td>\n",
       "      <td>-0.129867</td>\n",
       "      <td>-0.113853</td>\n",
       "      <td>0.224803</td>\n",
       "      <td>0.084674</td>\n",
       "      <td>-0.017134</td>\n",
       "      <td>0.004005</td>\n",
       "      <td>-0.225708</td>\n",
       "      <td>0.287749</td>\n",
       "      <td>-0.223149</td>\n",
       "      <td>0.360312</td>\n",
       "      <td>0.339669</td>\n",
       "      <td>0.280421</td>\n",
       "      <td>0.369685</td>\n",
       "    </tr>\n",
       "    <tr>\n",
       "      <th>1</th>\n",
       "      <td>-0.409304</td>\n",
       "      <td>1.000000</td>\n",
       "      <td>0.126959</td>\n",
       "      <td>0.196183</td>\n",
       "      <td>0.101720</td>\n",
       "      <td>0.298684</td>\n",
       "      <td>0.274580</td>\n",
       "      <td>0.014692</td>\n",
       "      <td>0.220376</td>\n",
       "      <td>0.254657</td>\n",
       "      <td>-0.033348</td>\n",
       "      <td>-0.001729</td>\n",
       "      <td>0.021025</td>\n",
       "      <td>0.776974</td>\n",
       "      <td>-0.068098</td>\n",
       "      <td>-0.081634</td>\n",
       "      <td>-0.221642</td>\n",
       "      <td>-0.258649</td>\n",
       "    </tr>\n",
       "    <tr>\n",
       "      <th>2</th>\n",
       "      <td>-0.002873</td>\n",
       "      <td>0.126959</td>\n",
       "      <td>1.000000</td>\n",
       "      <td>0.459006</td>\n",
       "      <td>0.256951</td>\n",
       "      <td>0.401150</td>\n",
       "      <td>0.405052</td>\n",
       "      <td>0.077529</td>\n",
       "      <td>0.274418</td>\n",
       "      <td>0.283119</td>\n",
       "      <td>-0.018305</td>\n",
       "      <td>-0.089177</td>\n",
       "      <td>0.364416</td>\n",
       "      <td>0.349852</td>\n",
       "      <td>0.079935</td>\n",
       "      <td>0.081239</td>\n",
       "      <td>0.004908</td>\n",
       "      <td>0.044476</td>\n",
       "    </tr>\n",
       "    <tr>\n",
       "      <th>3</th>\n",
       "      <td>0.082405</td>\n",
       "      <td>0.196183</td>\n",
       "      <td>0.459006</td>\n",
       "      <td>1.000000</td>\n",
       "      <td>0.445830</td>\n",
       "      <td>0.673149</td>\n",
       "      <td>0.683953</td>\n",
       "      <td>-0.046030</td>\n",
       "      <td>0.336524</td>\n",
       "      <td>0.291778</td>\n",
       "      <td>-0.009749</td>\n",
       "      <td>-0.056915</td>\n",
       "      <td>0.321194</td>\n",
       "      <td>0.709745</td>\n",
       "      <td>0.189240</td>\n",
       "      <td>0.174706</td>\n",
       "      <td>-0.064140</td>\n",
       "      <td>-0.023633</td>\n",
       "    </tr>\n",
       "    <tr>\n",
       "      <th>4</th>\n",
       "      <td>-0.023643</td>\n",
       "      <td>0.101720</td>\n",
       "      <td>0.256951</td>\n",
       "      <td>0.445830</td>\n",
       "      <td>1.000000</td>\n",
       "      <td>0.491352</td>\n",
       "      <td>0.703006</td>\n",
       "      <td>-0.232499</td>\n",
       "      <td>0.048311</td>\n",
       "      <td>0.029970</td>\n",
       "      <td>0.014075</td>\n",
       "      <td>0.012208</td>\n",
       "      <td>0.256549</td>\n",
       "      <td>0.324725</td>\n",
       "      <td>0.151808</td>\n",
       "      <td>0.142942</td>\n",
       "      <td>-0.074728</td>\n",
       "      <td>-0.074452</td>\n",
       "    </tr>\n",
       "    <tr>\n",
       "      <th>5</th>\n",
       "      <td>-0.129867</td>\n",
       "      <td>0.298684</td>\n",
       "      <td>0.401150</td>\n",
       "      <td>0.673149</td>\n",
       "      <td>0.491352</td>\n",
       "      <td>1.000000</td>\n",
       "      <td>0.963312</td>\n",
       "      <td>-0.101601</td>\n",
       "      <td>0.464207</td>\n",
       "      <td>0.449113</td>\n",
       "      <td>-0.021160</td>\n",
       "      <td>-0.000337</td>\n",
       "      <td>0.427541</td>\n",
       "      <td>0.591057</td>\n",
       "      <td>0.218270</td>\n",
       "      <td>0.187914</td>\n",
       "      <td>-0.289601</td>\n",
       "      <td>-0.261985</td>\n",
       "    </tr>\n",
       "    <tr>\n",
       "      <th>6</th>\n",
       "      <td>-0.113853</td>\n",
       "      <td>0.274580</td>\n",
       "      <td>0.405052</td>\n",
       "      <td>0.683953</td>\n",
       "      <td>0.703006</td>\n",
       "      <td>0.963312</td>\n",
       "      <td>1.000000</td>\n",
       "      <td>-0.152602</td>\n",
       "      <td>0.393517</td>\n",
       "      <td>0.375564</td>\n",
       "      <td>-0.011963</td>\n",
       "      <td>0.003386</td>\n",
       "      <td>0.426321</td>\n",
       "      <td>0.580241</td>\n",
       "      <td>0.224233</td>\n",
       "      <td>0.197045</td>\n",
       "      <td>-0.259386</td>\n",
       "      <td>-0.237106</td>\n",
       "    </tr>\n",
       "    <tr>\n",
       "      <th>7</th>\n",
       "      <td>0.224803</td>\n",
       "      <td>0.014692</td>\n",
       "      <td>0.077529</td>\n",
       "      <td>-0.046030</td>\n",
       "      <td>-0.232499</td>\n",
       "      <td>-0.101601</td>\n",
       "      <td>-0.152602</td>\n",
       "      <td>1.000000</td>\n",
       "      <td>0.370415</td>\n",
       "      <td>0.356670</td>\n",
       "      <td>-0.032591</td>\n",
       "      <td>-0.670286</td>\n",
       "      <td>0.180083</td>\n",
       "      <td>-0.008989</td>\n",
       "      <td>0.277488</td>\n",
       "      <td>0.271440</td>\n",
       "      <td>0.300232</td>\n",
       "      <td>0.171200</td>\n",
       "    </tr>\n",
       "    <tr>\n",
       "      <th>8</th>\n",
       "      <td>0.084674</td>\n",
       "      <td>0.220376</td>\n",
       "      <td>0.274418</td>\n",
       "      <td>0.336524</td>\n",
       "      <td>0.048311</td>\n",
       "      <td>0.464207</td>\n",
       "      <td>0.393517</td>\n",
       "      <td>0.370415</td>\n",
       "      <td>1.000000</td>\n",
       "      <td>0.776426</td>\n",
       "      <td>-0.046015</td>\n",
       "      <td>-0.310882</td>\n",
       "      <td>0.401285</td>\n",
       "      <td>0.356804</td>\n",
       "      <td>0.228486</td>\n",
       "      <td>0.190368</td>\n",
       "      <td>-0.016560</td>\n",
       "      <td>0.006748</td>\n",
       "    </tr>\n",
       "    <tr>\n",
       "      <th>9</th>\n",
       "      <td>-0.017134</td>\n",
       "      <td>0.254657</td>\n",
       "      <td>0.283119</td>\n",
       "      <td>0.291778</td>\n",
       "      <td>0.029970</td>\n",
       "      <td>0.449113</td>\n",
       "      <td>0.375564</td>\n",
       "      <td>0.356670</td>\n",
       "      <td>0.776426</td>\n",
       "      <td>1.000000</td>\n",
       "      <td>-0.062654</td>\n",
       "      <td>-0.264196</td>\n",
       "      <td>0.370831</td>\n",
       "      <td>0.352159</td>\n",
       "      <td>0.186138</td>\n",
       "      <td>0.156990</td>\n",
       "      <td>-0.084703</td>\n",
       "      <td>-0.045458</td>\n",
       "    </tr>\n",
       "    <tr>\n",
       "      <th>10</th>\n",
       "      <td>0.004005</td>\n",
       "      <td>-0.033348</td>\n",
       "      <td>-0.018305</td>\n",
       "      <td>-0.009749</td>\n",
       "      <td>0.014075</td>\n",
       "      <td>-0.021160</td>\n",
       "      <td>-0.011963</td>\n",
       "      <td>-0.032591</td>\n",
       "      <td>-0.046015</td>\n",
       "      <td>-0.062654</td>\n",
       "      <td>1.000000</td>\n",
       "      <td>0.116175</td>\n",
       "      <td>-0.003423</td>\n",
       "      <td>-0.032037</td>\n",
       "      <td>0.000639</td>\n",
       "      <td>-0.012568</td>\n",
       "      <td>0.026886</td>\n",
       "      <td>0.034105</td>\n",
       "    </tr>\n",
       "    <tr>\n",
       "      <th>11</th>\n",
       "      <td>-0.225708</td>\n",
       "      <td>-0.001729</td>\n",
       "      <td>-0.089177</td>\n",
       "      <td>-0.056915</td>\n",
       "      <td>0.012208</td>\n",
       "      <td>-0.000337</td>\n",
       "      <td>0.003386</td>\n",
       "      <td>-0.670286</td>\n",
       "      <td>-0.310882</td>\n",
       "      <td>-0.264196</td>\n",
       "      <td>0.116175</td>\n",
       "      <td>1.000000</td>\n",
       "      <td>-0.226857</td>\n",
       "      <td>-0.044178</td>\n",
       "      <td>-0.244228</td>\n",
       "      <td>-0.246422</td>\n",
       "      <td>-0.314415</td>\n",
       "      <td>-0.178935</td>\n",
       "    </tr>\n",
       "    <tr>\n",
       "      <th>12</th>\n",
       "      <td>0.287749</td>\n",
       "      <td>0.021025</td>\n",
       "      <td>0.364416</td>\n",
       "      <td>0.321194</td>\n",
       "      <td>0.256549</td>\n",
       "      <td>0.427541</td>\n",
       "      <td>0.426321</td>\n",
       "      <td>0.180083</td>\n",
       "      <td>0.401285</td>\n",
       "      <td>0.370831</td>\n",
       "      <td>-0.003423</td>\n",
       "      <td>-0.226857</td>\n",
       "      <td>1.000000</td>\n",
       "      <td>0.204535</td>\n",
       "      <td>0.397040</td>\n",
       "      <td>0.339497</td>\n",
       "      <td>0.080510</td>\n",
       "      <td>0.187622</td>\n",
       "    </tr>\n",
       "    <tr>\n",
       "      <th>13</th>\n",
       "      <td>-0.223149</td>\n",
       "      <td>0.776974</td>\n",
       "      <td>0.349852</td>\n",
       "      <td>0.709745</td>\n",
       "      <td>0.324725</td>\n",
       "      <td>0.591057</td>\n",
       "      <td>0.580241</td>\n",
       "      <td>-0.008989</td>\n",
       "      <td>0.356804</td>\n",
       "      <td>0.352159</td>\n",
       "      <td>-0.032037</td>\n",
       "      <td>-0.044178</td>\n",
       "      <td>0.204535</td>\n",
       "      <td>1.000000</td>\n",
       "      <td>0.072895</td>\n",
       "      <td>0.055840</td>\n",
       "      <td>-0.191663</td>\n",
       "      <td>-0.186785</td>\n",
       "    </tr>\n",
       "    <tr>\n",
       "      <th>14</th>\n",
       "      <td>0.360312</td>\n",
       "      <td>-0.068098</td>\n",
       "      <td>0.079935</td>\n",
       "      <td>0.189240</td>\n",
       "      <td>0.151808</td>\n",
       "      <td>0.218270</td>\n",
       "      <td>0.224233</td>\n",
       "      <td>0.277488</td>\n",
       "      <td>0.228486</td>\n",
       "      <td>0.186138</td>\n",
       "      <td>0.000639</td>\n",
       "      <td>-0.244228</td>\n",
       "      <td>0.397040</td>\n",
       "      <td>0.072895</td>\n",
       "      <td>1.000000</td>\n",
       "      <td>0.706826</td>\n",
       "      <td>0.171836</td>\n",
       "      <td>0.188249</td>\n",
       "    </tr>\n",
       "    <tr>\n",
       "      <th>15</th>\n",
       "      <td>0.339669</td>\n",
       "      <td>-0.081634</td>\n",
       "      <td>0.081239</td>\n",
       "      <td>0.174706</td>\n",
       "      <td>0.142942</td>\n",
       "      <td>0.187914</td>\n",
       "      <td>0.197045</td>\n",
       "      <td>0.271440</td>\n",
       "      <td>0.190368</td>\n",
       "      <td>0.156990</td>\n",
       "      <td>-0.012568</td>\n",
       "      <td>-0.246422</td>\n",
       "      <td>0.339497</td>\n",
       "      <td>0.055840</td>\n",
       "      <td>0.706826</td>\n",
       "      <td>1.000000</td>\n",
       "      <td>0.189689</td>\n",
       "      <td>0.163281</td>\n",
       "    </tr>\n",
       "    <tr>\n",
       "      <th>16</th>\n",
       "      <td>0.280421</td>\n",
       "      <td>-0.221642</td>\n",
       "      <td>0.004908</td>\n",
       "      <td>-0.064140</td>\n",
       "      <td>-0.074728</td>\n",
       "      <td>-0.289601</td>\n",
       "      <td>-0.259386</td>\n",
       "      <td>0.300232</td>\n",
       "      <td>-0.016560</td>\n",
       "      <td>-0.084703</td>\n",
       "      <td>0.026886</td>\n",
       "      <td>-0.314415</td>\n",
       "      <td>0.080510</td>\n",
       "      <td>-0.191663</td>\n",
       "      <td>0.171836</td>\n",
       "      <td>0.189689</td>\n",
       "      <td>1.000000</td>\n",
       "      <td>0.768203</td>\n",
       "    </tr>\n",
       "    <tr>\n",
       "      <th>17</th>\n",
       "      <td>0.369685</td>\n",
       "      <td>-0.258649</td>\n",
       "      <td>0.044476</td>\n",
       "      <td>-0.023633</td>\n",
       "      <td>-0.074452</td>\n",
       "      <td>-0.261985</td>\n",
       "      <td>-0.237106</td>\n",
       "      <td>0.171200</td>\n",
       "      <td>0.006748</td>\n",
       "      <td>-0.045458</td>\n",
       "      <td>0.034105</td>\n",
       "      <td>-0.178935</td>\n",
       "      <td>0.187622</td>\n",
       "      <td>-0.186785</td>\n",
       "      <td>0.188249</td>\n",
       "      <td>0.163281</td>\n",
       "      <td>0.768203</td>\n",
       "      <td>1.000000</td>\n",
       "    </tr>\n",
       "  </tbody>\n",
       "</table>\n",
       "</div>"
      ],
      "text/plain": [
       "          0         1         2         3         4         5         6   \\\n",
       "0   1.000000 -0.409304 -0.002873  0.082405 -0.023643 -0.129867 -0.113853   \n",
       "1  -0.409304  1.000000  0.126959  0.196183  0.101720  0.298684  0.274580   \n",
       "2  -0.002873  0.126959  1.000000  0.459006  0.256951  0.401150  0.405052   \n",
       "3   0.082405  0.196183  0.459006  1.000000  0.445830  0.673149  0.683953   \n",
       "4  -0.023643  0.101720  0.256951  0.445830  1.000000  0.491352  0.703006   \n",
       "5  -0.129867  0.298684  0.401150  0.673149  0.491352  1.000000  0.963312   \n",
       "6  -0.113853  0.274580  0.405052  0.683953  0.703006  0.963312  1.000000   \n",
       "7   0.224803  0.014692  0.077529 -0.046030 -0.232499 -0.101601 -0.152602   \n",
       "8   0.084674  0.220376  0.274418  0.336524  0.048311  0.464207  0.393517   \n",
       "9  -0.017134  0.254657  0.283119  0.291778  0.029970  0.449113  0.375564   \n",
       "10  0.004005 -0.033348 -0.018305 -0.009749  0.014075 -0.021160 -0.011963   \n",
       "11 -0.225708 -0.001729 -0.089177 -0.056915  0.012208 -0.000337  0.003386   \n",
       "12  0.287749  0.021025  0.364416  0.321194  0.256549  0.427541  0.426321   \n",
       "13 -0.223149  0.776974  0.349852  0.709745  0.324725  0.591057  0.580241   \n",
       "14  0.360312 -0.068098  0.079935  0.189240  0.151808  0.218270  0.224233   \n",
       "15  0.339669 -0.081634  0.081239  0.174706  0.142942  0.187914  0.197045   \n",
       "16  0.280421 -0.221642  0.004908 -0.064140 -0.074728 -0.289601 -0.259386   \n",
       "17  0.369685 -0.258649  0.044476 -0.023633 -0.074452 -0.261985 -0.237106   \n",
       "\n",
       "          7         8         9         10        11        12        13  \\\n",
       "0   0.224803  0.084674 -0.017134  0.004005 -0.225708  0.287749 -0.223149   \n",
       "1   0.014692  0.220376  0.254657 -0.033348 -0.001729  0.021025  0.776974   \n",
       "2   0.077529  0.274418  0.283119 -0.018305 -0.089177  0.364416  0.349852   \n",
       "3  -0.046030  0.336524  0.291778 -0.009749 -0.056915  0.321194  0.709745   \n",
       "4  -0.232499  0.048311  0.029970  0.014075  0.012208  0.256549  0.324725   \n",
       "5  -0.101601  0.464207  0.449113 -0.021160 -0.000337  0.427541  0.591057   \n",
       "6  -0.152602  0.393517  0.375564 -0.011963  0.003386  0.426321  0.580241   \n",
       "7   1.000000  0.370415  0.356670 -0.032591 -0.670286  0.180083 -0.008989   \n",
       "8   0.370415  1.000000  0.776426 -0.046015 -0.310882  0.401285  0.356804   \n",
       "9   0.356670  0.776426  1.000000 -0.062654 -0.264196  0.370831  0.352159   \n",
       "10 -0.032591 -0.046015 -0.062654  1.000000  0.116175 -0.003423 -0.032037   \n",
       "11 -0.670286 -0.310882 -0.264196  0.116175  1.000000 -0.226857 -0.044178   \n",
       "12  0.180083  0.401285  0.370831 -0.003423 -0.226857  1.000000  0.204535   \n",
       "13 -0.008989  0.356804  0.352159 -0.032037 -0.044178  0.204535  1.000000   \n",
       "14  0.277488  0.228486  0.186138  0.000639 -0.244228  0.397040  0.072895   \n",
       "15  0.271440  0.190368  0.156990 -0.012568 -0.246422  0.339497  0.055840   \n",
       "16  0.300232 -0.016560 -0.084703  0.026886 -0.314415  0.080510 -0.191663   \n",
       "17  0.171200  0.006748 -0.045458  0.034105 -0.178935  0.187622 -0.186785   \n",
       "\n",
       "          14        15        16        17  \n",
       "0   0.360312  0.339669  0.280421  0.369685  \n",
       "1  -0.068098 -0.081634 -0.221642 -0.258649  \n",
       "2   0.079935  0.081239  0.004908  0.044476  \n",
       "3   0.189240  0.174706 -0.064140 -0.023633  \n",
       "4   0.151808  0.142942 -0.074728 -0.074452  \n",
       "5   0.218270  0.187914 -0.289601 -0.261985  \n",
       "6   0.224233  0.197045 -0.259386 -0.237106  \n",
       "7   0.277488  0.271440  0.300232  0.171200  \n",
       "8   0.228486  0.190368 -0.016560  0.006748  \n",
       "9   0.186138  0.156990 -0.084703 -0.045458  \n",
       "10  0.000639 -0.012568  0.026886  0.034105  \n",
       "11 -0.244228 -0.246422 -0.314415 -0.178935  \n",
       "12  0.397040  0.339497  0.080510  0.187622  \n",
       "13  0.072895  0.055840 -0.191663 -0.186785  \n",
       "14  1.000000  0.706826  0.171836  0.188249  \n",
       "15  0.706826  1.000000  0.189689  0.163281  \n",
       "16  0.171836  0.189689  1.000000  0.768203  \n",
       "17  0.188249  0.163281  0.768203  1.000000  "
      ]
     },
     "execution_count": 12,
     "metadata": {},
     "output_type": "execute_result"
    }
   ],
   "source": [
    "pd.DataFrame(np.array(data_transform).T).corr(method='pearson')"
   ]
  },
  {
   "cell_type": "markdown",
   "metadata": {},
   "source": [
    "# Transform"
   ]
  },
  {
   "cell_type": "code",
   "execution_count": 16,
   "metadata": {
    "scrolled": false
   },
   "outputs": [
    {
     "data": {
      "text/plain": [
       "array([[ 13.  ,  14.  ,  14.  , ...,  15.  ,  15.  ,  15.  ],\n",
       "       [  1.8 ,   1.8 ,   1.8 , ...,   1.8 ,   1.8 ,   1.8 ],\n",
       "       [  0.51,   0.41,   0.39, ...,   0.35,   0.36,   0.32],\n",
       "       ...,\n",
       "       [ 36.  ,  55.  ,  72.  , ..., 118.  , 100.  , 105.  ],\n",
       "       [  1.9 ,   2.4 ,   1.9 , ...,   1.5 ,   2.  ,   2.  ],\n",
       "       [  0.7 ,   0.8 ,   1.8 , ...,   1.6 ,   1.8 ,   2.  ]])"
      ]
     },
     "execution_count": 16,
     "metadata": {},
     "output_type": "execute_result"
    }
   ],
   "source": [
    "df[df == 'NR'] = 0    # RAINFALL NR表示未下雨，1表示下雨，将NR变0\n",
    "data = df.iloc[:, 3:]\n",
    "data = data.to_numpy(dtype='float')\n",
    "data"
   ]
  },
  {
   "cell_type": "code",
   "execution_count": 5,
   "metadata": {},
   "outputs": [],
   "source": [
    "data_transform = []   # 将每天离散的数据变成18行连续数据处理,即1号的24点和2号的0点是连续的\n",
    "\n",
    "for i in range(18):\n",
    "    data_transform.append([])\n",
    "\n",
    "for i in range(len(data)):\n",
    "    data_transform[i%18] += list(data[i])"
   ]
  },
  {
   "cell_type": "markdown",
   "metadata": {},
   "source": [
    "# 标准化"
   ]
  },
  {
